5

10
77 79 80 76 35 36 98 22 81 44
22 35 36 44 76 77 79 80 81 98

20
60 94 56 67 59 7 17 26 71 23 66 6 26 44 62 72 0 81 51 72
0 6 7 17 23 26 26 44 51 56 59 60 62 66 67 71 72 72 81 94

30
11 24 20 60 89 69 90 53 58 66 92 46 18 75 47 54 88 88 1 71 65 7 20 81 6 98 76 34 96 1
1 1 6 7 11 18 20 20 24 34 46 47 53 54 58 60 65 66 69 71 75 76 81 88 88 89 90 92 96 98

40
17 14 91 9 84 94 8 32 15 72 23 77 75 84 89 93 97 94 56 42 10 23 96 59 36 80 88 0 99 2 38 95 33 76 71 53 63 18 52 73
0 2 8 9 10 14 15 17 18 23 23 32 33 36 38 42 52 53 56 59 63 71 72 73 75 76 77 80 84 84 88 89 91 93 94 94 95 96 97 99

50
7 42 37 31 27 22 75 25 65 28 79 59 25 25 58 99 82 71 93 37 32 14 56 74 35 21 51 18 29 32 82 56 20 11 39 2 93 97 73 20 53 76 9 84 73 14 11 51 0 35
0 2 7 9 11 11 14 14 18 20 20 21 22 25 25 25 27 28 29 31 32 32 35 35 37 37 39 42 51 51 53 56 56 58 59 65 71 73 73 74 75 76 79 82 82 84 93 93 97 99